11748368000159
10906122000103
04990616000108
02111827000106
00631735000113
53968327000118
44908572000149
02813891000120
50048123000170
14952647000128
62721451000175
54735402000163
01837971000153
03803912000190
19537572000132
50098201000141
04540487000237
13617685000161
06122376000155
67220822000582
26238818000130
68330968000110
72733306000168
01744618000129
08227319000166
665790120001
55862551000318
69136448000133
10732502000160
44456036000230
49536972000275
22455864000564
429401300001
03004164000185
140153310001
58852971000140
544991730001
1563184100025
27774855000126
27581995000188
13516800000101
03059830000182
19061743000108
38837829000116
14570970000137
60414703000198
19668969000244
55862551000580
67220822000230
20986185000162
23141691000572
10775570000107
26217368000280
44174910000166
21776161000141
14021859000191
05498470000140
26957336000130
26633765000152
06222831000275
04907249000136
61823795000122
67559450000190
09291789000151
58719998000169
10523519000108
10363632000173
28950879000151
43239243000190
05556696000150
48342976000179
65650178000123
26246183000113
17779985000106
55544928000129
60495421000243
31708168000180
34424991000151
09643217000275
32088420000168
59929067000158
22193245000115
08029945000148
05239284000278
22455864000726
04707562000716
24501690000120
54105895000158
35099137000391
24867334000125
01879769000194
289501320001
02423840000192
58758194000179
37665991000131
35099137000472
49000474000122
05434239000193
00458425000149
12308867000198
34459324000104
56552623000121
11657567000151
53862959000100
33113617000334
53535118000180
15687358000101
39557037000150
07045796000733
66158742000158
42949617000106
43028136000112
10421010000154
11150641000491
54426937000152
03496324000150
08015531000160
19554519000140
09624302000105
03597241000239
39648086000107
42187185000135
53134698000102
27436320000145
21964689000144
45305051000160
37544323000156
36598045000157
37598279000167
15196194000110
05053613000100
24184919000140
01800592000199
42119229000190
60031127000108
17747301000186
39326226000112
22202179000283
14536781000148
60866753000106
10834344001393
06038358000190
28927087000590
21089378000345
46150256000186
02646759000252
15839321000232
078035300001
24536101000140
43066208000116
06224667000154
28972623000145
063752140001
66149287000124
04909359000137
30340060000114
08846431000185
52318326000246
40971057000152
26141780000183
69043503000140
36362749000126
15329061000174
51331825000120
02842265000162
49219686001177
26314236000196
12550675000436
30713403000149
46905105000190
04437454000185
20483440000235
18279615000164
55548341000198
52457660000108
02438335000111
604954210002
15100618000109
10834344000826
12457668003671
04382696000119
07437812000148
05407511000146
10508621000134
28885743000105
04272593000104
53042297000114
04930933000139
02193742000106
49219686000790
57508426001905
14926363000167
52715729000148
43181964000196
20812367000117
26894854000152
71642524000124
15685374000327
18247139000108
24574994000118
718136120003
604954210001
71772511000250
02885707000158
12834185000208
09036671000187
12962906000176
30195039000172
50902121000105
05329517000142
36276307000167
25144567000162
57897464001050
20718662000109
68474311000126
57795940000131
30787769000162
51666022000126
59106286000137
10513739000150
47172685000117
09531996000136
14997790000217
44663631000247
40060710000121
02782547000111
08633061000521
12543688000135
09116766000100
62093455000237
71098990000190
50518968000182
65928418000109
54643739000140
55762116000150
52432887000190
65673816000121
05389327000110
30713800000110
04193671000177
07890074000190
51424430000171
08603462000105
07218673000161
05746794000150
05113547000117
02195041000106
22708038000156
10639859000107
10142459000183
61412110034998
66159500000189
03213459000161
26072373000161
37310009000532
05480853000191
03762734000104
67600213000125
08470573000190
11845301000728
58750720000154
25402699000147
21482379000193
02543945000690
37024035000170
47849823000150
23800568000192
02090671000116
10910782000150
15839321001638
04044140000112
05272134000185
50762822000188
24503784000139
20180625000190
278147210001
08805550000351
04621665000173
03906189000174
74682006000122
05563128000187
51333003000188
48251748000193
02398462000134
08663537000305
12270340000111
52317229000158
02032586000100
16913259000163
21471885000187
68060854000105
26376124000160
09530255000130
21528482000127
15839321001204
43794929000142
01572105000188
04887160000155
18344065000110
01297422000133
20169148000161
20475858000110
04007182000183
28513999000191
07528982000138
04492686000136
01938125000200
09248472000132
05984527000200
03959751000128
64020738000101
45236684000163
43861319000114
04250480000108
03077002000177
30494779000100
19501173000111
07388461000122
071548840001
00847554000129
29205439000132
21985893000141
05241596002693
36641928000100
17412418000109
48050634000185
30459845000100
44837631000135
53579025000158
11095958000120
04824703000195
11970172000104
37253351000114
42550948000160
01031579000112
04316702000130
36700641000104
44257335000165
06123490001252
55199244000137
26790078000140
06318808000106
42711287000108
10871153000168
62794748000160
09427274000136
58136144003418
47507611000194
58065830000187
26887925000190
17450358000119
00021062000180
05947352000334
09636178000106
05645778000171
083595880001
74413980000190
26670203000189
12815962000188
27448811000106
09547254000107
08389500000179
132053440001
08633061000106
13218732000102
18968324000183
17759859000181
50514280000124
11797398000155
16665536000166
48405153000145
52657079000202
059517490001
24699851000132
30890774000104
00567176000120
12589888000129
46870986000151
15648279000191
35850854000141
03465815000134
712597170001
11665534000153
28883780000184
57897464000674
53978045000100
15839321000666
53010658000140
19858706000117
31139606000136
03722020000164
96681861000585
19624780000179
12508787000348
05368574000130
52787678000321
07729829000179
11845301000566
12834185000380
10652874000187
17811481000118
13425511000105
07172563000106
21812204000520
35298806000192
03153683000105
33807162000276
12457668000656
12846956000511
02729415000207
49219686000286
58136144002799
26834682000121
10226111000174
066748380001
26291944000159
03270792000102
01188774000150
02387595000105
08877465000137
29565917000115
01297352000113
03503164000200
73119927000380
23306124000103
10631339000140
02929025000108
12550675000789
04705009000159
06066015000139
18205362000184
02439022000188
55656102000151
49031370000185
02689699000174
47423306000114
64974280000111
04735455000459
44548366000175
54652011000185
56158777001881
19858706001199
50118272000169
17089812000158
03924528000145
64679186000130
04905177000198
07154887000111
17704935000151
07495478000189
04602690000100
02632399000159
08633061000602
09094724000116
06076109000199
00161942000151
06195048000189
66873886000196
08049349000120
03576178000173
01859795000150
22372359000122
66807900000153
16812858000190
44917800000147
17227045000104
16384857000192
57508426001301
71681365000177
16751338000115
09357051000140
09296729000121
68204486000202
04946306000196
10503002000157
20037481000117
57843468000165
27687278000135
12516131000105
21566253000105
07122287000171
17976327000104
22082397000221
12846956001593
07189184000129
09602262000109
07324378000432
74484692000127
66599226000169
12416411000141
60707635000155
12225016000181
19835857000150
17580334000184
41552685000166
12014426000345
04919240000226
03938490000160
08375459000181
10642769000167
26096213000152
96681861001042
01603492000172
10752372000128
02687852000205
12651869000185
45461696000191
10521432000100
13746302001127
03246811000408
05549949000169
56158777001105
106423760001
109075210001
25004448000104
07678772000126
71705412000175
07980045000119
00233125000161
32227067000150
02649336000105
13531965000152
00030181000360
10764839000150
20219595000188
19836941000198
12457668002608
22379586000180
51133577000102
22082397000140
73023210000179
61167334000149
08385281000150
00921560000189
26529894000103
11176290000145
11210330000128
14862537000418
03916162000162
46698650000153
24048431000196
46035895000109
96681861000402
20715496000197
96681861001557
07284351000110
74227075000308
09227594000142
22443569000164
48798235000105
17573895000156
09239059000101
00485788000173
13345594000203
12646814000187
57508426003355
08824496000120
596039770009
29840490000116
57508426004912
15707843000108
02634419000120
12846956001674
26596529000103
13781676000292
18300061000130
10857499000101
06056217000108
33705007000168
06987296000162
09396902000163
05211109000191
09204453000295
07114438000140
10784022000224
19196598000164
21405136000151
14673010000445
09363322000170
04983331000140
05493745000153
15610965000173
07451910000130
596039770016
07682880000172
21804816000148
07956033000159
19811370000218
09651275000160
02196623000298
10293593000266
62034731000105
66587288000150
05062907000107
10405758000163
67821157000159
08031243000107
11854897000137
22115112000120
49219686002068
05344624000140
05640562000113
55856108000172
02543945000266
00006290000180
21466031000293
05315883000142
19543386000106
52935954000190
05925307000117
19418959000170
074287050001
50011600000123
07477345000180
09575378000198
04784418000198
080405730001
61524823000100
19744500000166
60759271000157
24869613000128
08189822000174
26033309000171
07218640000111
10142459000264
04522978000174
57508426000763
53151544000110
63921043000120
09492647000233
04203000000140
05077376000118
05040496000140
19115748000168
15310223000122
35814192000154
00615046000115
05752904000197
20868302000193
23311381000125
17649025000113
03340744000143
03002711000193
01961233000113
11151211000141
22014384000134
09589272000143
24754755000220
10701510000654
229411850001
15701046000105
18617915000106
21136551000157
10792424000190
28889603000105
11629453000106
02121462000192
96419197000177
07482430000136
16852473000157
73048472000198
03550112000104
15836532000130
13844801000185
01324223000177
61420758000173
13428700000123
09204453000104
09436329000174
02980831000100
08688193000127
07815221000167
10935876000183
56877533000100
45033024000347
09504968000120
38057812000146
70942586000199
10556782000101
09141505000140
07785732000183
102261110001
52396348000143
08463759000112
16466371000101
06026423000167
45118390000137
61163580000122
57782369000110
13134532000163
10813567000130
60683752000126
72855430000104
028340470001
02922932000117
09622255000160
09555823000158
00154801000101
10578510000102
48204341000377
13587328000106
00487239000138
07166178000156
05529716000102
10558061000203
60780483000205
22673209000159
05563433000179
02723447000114
20488812000135
53603049000103
50402718000182
11271216000108
45178712000133
02965685000136
57596306000170
66579012000120
56814189000100
64708787000123
03783138000100
05915944000102
20750439000149
64168198000108
09424012000118
28060289000153
00490223000184
514710270001
04543988000196
10513818000161
050536130001
61130563000199
00616738000188
31421855000110
180038620001
15631841000336
56148687000242
30905105000150
57519829000112
43892314000159
20203323000190
00934025000162
57587701000196
52013216000195
55249650000167
30340825000116
06074390000120
15631841000174
04196914000120
27294478000128
03485266000321
07671734000141
01233251000189
11635368000142
12076764000140
07645910000170
03726790000185
07803530000117
52043478000100
71990444000160
44773349000131
18630190000277
13683395000116
02240967000176
06053301000160
06887345000195
07890905000123
21358818000150
26246183000547
35594270000152
32126405000167
09528665000147
04805166000136
53840658000178
06248675000130
20720598000109
26957336000211
309620000001
11377184000120
07375187000157
25384586000247
02188747000140
07558081000199
07040072000101
35095044000127
22455864000483
22455864000211
16973669000108
17266924000137
06139234000109
35125787000100
16969897000104
45625704000279
08711648000188
16838730000104
37334593000132
15835792000191
33855664000191
03665522000109
28015947000195
20855871000102
15709344000141
34280171000133
07094230000106
74696246000186
11701702000119
00651962000100
42493068000108
53249421000117
07428705000153
30360525000107
35550324000188
41865942000110
11425237000130
18626285000136
12440641000146
43462940000105
29540943000199
64975881000149
10595717000187
57478745000188
18754807000347
20712655000108
10734545000690
10734545000347
10706290000147
54053863000156
30903416000180
15196194000381
13205212000157
05558787000125
43920851000165
05951749000138
44607478000150
30511617000132
26782116000202
37655908000143
34017291000142
03502426000131
20787144000147
45934121000149
22202179000100
64985666000129
47641184000132
49035181000180
19719869000119
54242987000180
48987622000181
60689270000183
10405310000140
41605341000178
65078271000105
15178182000162
59766253000113
02139393000144
02570543000170
17826832000164
22399004000127
13144007000129
60633369000244
17025544000453
55466593000178
15872607000139
07117110000187
11502112000167
08513412000137
44783512000147
23333639000194
104210100001
07802081000192
02908476000150
52719796000130
01731522000126
24670248000128
27161766000104
21104876000158
05418855000150
02706835000197
16859501000168
10378095000135
10947735000180
04131243000110
09224576000107
15839321001980
32879594000149
25316209000190
53859096000104
03843418000159
04692806000149
15288836000100
09373543000129
13530387000130
31289464000193
10436820000184
18810957000169
11291230000173
06123490001171
05848543000187
69043503000493
06029270000292
08909785000121
18087030000142
17521638000170
10703919000103
00142906000140
14110942000137
48808406000121
19865558000168
10928930000163
01354645000195
10716323000130
00369639000149
02196623000379
03712801000178
27933881000150
28927087000247
03719026000182
09511607000100
12387717000117
20632131000280
13897430000108
06150455000170
09251138000138
03750642000104
34382444000150
11274579000105
11993918000103
06998106000102
28059864000106
32627618000172
36213258000113
44549441000112
10925181000110
05314167000140
07400140000104
07039024000101
09072577000183
09538310000139
42042628000108
43840040000154
24638928000164
61033593000187
67759241000190
55450472000138
10378673000133
14209646000198
00349330000197
37427806000170
20617079000101
35515134000120
17496031000188
21409474000242
27963821000180
53674628000139
04952194000186
11234768000146
00197674000128
09628071000108
04310393000190
27814721000191
06029270000101
04187078000118
19872584000113
15319714000134
12307936000149
23472732000180
62093455000318
12399583000154
66090283000118
08256482000157
05072623000193
32108932000149
43828849000160
45733721000149
03385756000194
24248468000168
07169954000171
47423306000386
12541871000100
246710800001
54887849000158
65756207000136
09580548000394
32633201000112
20884408000261
12516131000296
25820960000471
32908854000167
11362691000270
05697325000199
09118808000223
59150250000150
43565894000170
04440596000100
07665661000185
60177862000892
23655561000124
65009425000107
64957160000106
038926620001
17830326000149
03055158000157
24775893000105
10968383000140
08663537000143
00395685000112
12550675000517
12550675000193
67410209000102
19725525000112
09344806000171
17728311000174
27859705000204
17426531000143
27331221000107
13499750000100
05241596001530
227213710001
10246682000170
67593251000106
01797841000134
03344103000167
17344534000138
96213723000148
29312516000153
01638502000296
44139859000151
05858389000124
12457668003167
60964954000146
23374530000103
23436764000120
08325769000191
09377288000192
15184160000105
65986226000159
60566007000105
14178866000100
31328147000139
13692906000166
45765278000198
60351269000144
12213157000184
11134234000148
56725617000129
10704382000198
19034130000173
29047953000197
62221999000156
26283616000100
040118680001
19671223000109
07178984000144
11751725000138
58829862000101
089806400001
14845975000125
51291086000190
47253745000800
213680960001
03284149000138
67923300000113
12759014000172
04852549000165
054075110001
126743940001
96681861002529
32418102000118
03857267000198
07324378000351
12372067000136
57585267000105
23979526000160
11469422000127
59184762000138
00917440000108
09236111000176
23397418000180
13411692000102
20060915000280
02560731000117
30073521000130
03226033000142
08252295000103
327106310001
48547616000103
13530387000210
48854806000173
02956282000120
45247202000170
37310009000109
01678322000157
31573526000194
46736419000107
20672458000102
07789015000120
06013364000192
20884408000180
07316736000112
60978301000116
25829631000149
25201203000177
02036692000153
28632469000162
01856791000119
07823856000106
04026243000150
05023251000105
07735786000134
66159500000260
15556451000268
23521923000194
10642376000153
59146514000364
21146894000283
26229824000121
00287935000109
41226775000167
23141433000162
08519963000108
060277820003
26313245000162
31974210000104
22646244000189
45774320000137
07442324000129
04760558000126
12621677000126
259509080001
10261570000199
03387970000260
02487750000165
435491790001
05540301000121
09490507000145
09447037000137
04990863000104
09492647000314
01524705000170
46067229000144
00270713000175
580977340001
033441030001
19858706000206
44881514000179
07022050000119
06321821000297
03700345000146
19409709000173
52674892000100
08374867000119
01589518000175
10280313000102
12846956000945
09626407000101
53861977000160
00796767000179
03123210000165
30455435000191
207325580001
11493274000690
09043490000188
50221332000174
10586892000108
23451925000154
01874149000162
03435373000183
57508426004670
00030181000603
00106687000144
00275736000172
05351946000116
10220996000102
09492647000152
22870015000224
16812722000423
17969253000332
55186654000143
07339197000218
05241596000992
22680211000155
05515229000182
22166562000304
03323752000181
51564920000173
05202480000197
02578461000171
11678996000105
06079193000285
12114216000167
52318326000599
44162493000131
05041721000163
05244921000113
03741622000169
48051372000173
44198513000124
13746302000236
07324378000270
52273059000157
60418001000182
10834344000150
20330018000169
22030182000186
02954624000173
57508426000682
06123490001090
08667346000150
20090022000105
15801326000195
04735455002583
07431410000136
18138516000162
05984527000111
58944653000109
68389238000194
12439235000163
09372144000224
04011868000148
12508787000690
58136144000150
54238373000124
10906464000115
00023368000175
44237931000183
16904815000135
20364423000106
00625318000168
24846101000146
08050448000121
18700353000160
48747364000166
59630749000165
44583094000225
08106329000143
10834344001040
07800070000173
09566235000110
10818923000109
09140420000148
26907367000187
11616879000117
49219686000529
00410467000100
56158777001458
11289114000110
66573767000118
20040537000192
16560463000229
60576535000137
10992762000337
11334904000170
082262870001
02058669000160
50533421000156
23393172000178
57508426002979
16873313000194
72913254000535
51772358000173
71902837000174
31448059000170
45748035000141
51206431000140
55931836000100
06123490000523
05003878000102
17678087000153
078111560001
57214900001040
10513724000192
27742300000283
56911407000125
596039770003
11188347000126
514244300001
23451925000235
05241596001450
04318509000138
23367678000102
12625002000155
18736074000156
22721371000103
05583446000100
43636746000107
12457668002942
74538968000102
96681861000151
17754027000253
21466393000284
37254258000124
65457046000341
27935578000196
26847217000125
27147125000103
03123210000599
55783484000184
02882441000190
68218759000189
21812204000369
07149293000112
28452279000163
02355351000140
01996805000108
49219686000600
09243914000158
135403660001
06123490001414
06123257000117
13540366000103
08017794000108
10907346000121
57508426001220
04471612000113
58136144002950
189586970002
04559450000170
50480953000334
00112620000112
40077762000100
10784022000305
20125677000163
09537034000194
46685947000265
52771557000120
13686620000178
30355603000177
44206845000103
17111015000120
07013266000118
06321821000378
08731088000123
20184554000101
50051762000195
03709511000175
17577531000144
596039770001
08089453000148
08879316000107
47253745001289
250588940001
23322398000188
37257792000194
032467310001
65431561000190
10664539000107
201409690001
10797962000177
01462425000185
48154959000108
06554998000152
04784418000511
12981259000220
03121214000104
57508426005641
01658248000107
14854313000111
08636341000160
54215009000149
10325973000154
05664020000180
18606743000175
03666311000182
59772376000329
17300794000101
596039770008
328894310001
05241596003070
02051345000108
00508610000109
01667776000122
04736629000155
19346842000128
27073828000126
10174686000271
03521179000110
52875259000180
23687721000117
03531764000100
41795635000100
17435741000106
19886616000130
03246811000599
04750289000206
045372530001
61120978000181
59695676000190
03451411000191
22564256000245
96626908000184
08746958000138
10341045000264
355817500001
48713200000118
27351038000165
04889282000180
66982463000104
03979944000140
14211104000150
23654543000128
68247469000163
04944219000108
19713710000197
96645759000109
05924969000172
26770039000181
21559616000177
58136144001989
20995458000135
00686288000108
35301918000155
51427540000510
17799391000159
01317923000134
10969431000114
21645304000186
71861702000108
10310297000145
00639903000117
01713796000192
07388976000122
51336832000114
67535377000116
07266250000117
96645254000136
48204341000105
00969505000169
13667030000106
05448120000170
14862537000175
07832402000100
57816167000142
49683246000102
14836322000180
04352962000160
62532205000175
07044558000118
43984673000136
05460155000124
10422054000107
50368034000292
11625827000107
07666469000103
18487853000165
58954769000129
05460155000205
67220822000310
62093455000741
24653326000186
74678905000151
17507812000120
16606494000192
06317371000188
56441124000167
13459225000152
093466730001
264990030001
09424012000207
08208497000140
058137900001
132052120001
04608247000146
19688059000142
46590709000195
67546218000206
01471337000140
03782198000109
30694690000197
17780663000179
54465992000151
02852571000180
15368432000127
02634512000135
07434242000132
55862551000237
215419480001
21257601000154
23141691000149
06006677000113
03131954000121
04585233000154
03257696000205
15331660000122
25071969000184
08435804000125
16633394000155
52043478000283
57600140000118
18543498000102
28466715000153
00152727000194
19414737000189
11280364000270
03525701000132
08491491000122
60780483000388
31487558000177
44377570000170
26246183000628
39005491000107
33958475000144
08459825000180
34671812000180
28024984000160
28024984000240
09249743000174
05239284000197
52287349000150
07867331000172
01815379000150
11369356000113
07040072000292
59296921000196
04707562000120
00385960000117
08643902000158
15107692000149
45326881000173
21755741000152
06104778000127
32167650000112
07347728000133
42548745000130
15684294000276
41685404000143
42354125000160
62384136000108
04732579000138
08096908000233
01696072000188
27859705000115
67112813000144
17252382000143
72689409000259
53442208000127
33821487000203
30577300000107
03039852000180
55450456000579
05994334000141
62895974000480
36029457000176
43346353000150
05337575000118
18754807000185
37721519000330
43515108000120
05357313000115
19597022000109
43503330000102
61440137000151
49691561000173
42518425000137
04164405000116
18598885000138
10972260000182
02175841000165
42936449000106
16098978000178
07302509000138
09623377000171
039238390001
68031475000189
02102710000158
44021030000150
33936210000145
47601252000130
11517244000162
34330426000125
19648023000216
21816688000152
22202179000364
43495976000195
44982878000145
03803912000270
53257697000147
20420962000107
53813267000164
05874900000181
47582069000134
24547982000102
07267033000141
07336024000165
44640988000129
04796409000117
35099137000987
02980800000303
07669545000134
00025656000169
54030630000138
38421696000100
47253745000711
004948700003
55456693000113
03249840000180
00328940000376
08882768000148
06001672000106
14011223000169
24061779000113
61617833000190
33159557000129
08354260000177
03781286000188
10935158000107
29107689000130
59603977002190
30518478000179
14024402000211
55299531000119
12118267000167
07347083000139
02522156000168
05511842000121
15557829000167
04536618000121
58136144001121
18764470000197
01731522000207
67205948000154
19300772000177
57508426003517
08705108000191
14817628000199
22183946000173
32402720000170
14185126000192
39622429000156
02196623000107
39194907000174
22206877000176
20483440000154
43292759000106
28177825000103
55321806000173
23743576000144
02395950000198
31587420000140
21331407000171
19606843000164
04309294000199
03284896000176
08980889000475
37310009001008
18234741000100
38400260000127
58055716000176
03248159000118
17102523000141
12616719000130
44053130000168
10474130000110
10968292000104
65457046000503
26167306000120
39375131000199
01360352000110
04084233000170
01811708000195
40047636000103
26401514000142
49916158000103
18021947000144
06188398000118
18683518000132
47240197000108
13324619000101
18429105000126
03423090000111
07803809000109
47849823000230
33228296000151
13746302001399
18154889000127
03618499000193
07687985000114
561891600001
23658288000191
57508426002545
11394113000135
69036465000107
11069005000197
03295335000172
68289669000189
24258910000137
15262286000150
19355822000113
19858706000893
58097734000110
41795824000182
11368538000170
04491564000125
07248458000103
10355763000109
02384951000137
44938876000159
00679594000109
14178367000104
60827029000173
11367432000151
56957772000170
11221097000189
03872822000150
17119444000143
00677228000110
07512573000143
463808210001
06228735000153
04373016000109
13076448000130
25126644000151
03664659000130
18465867000188
10558011000145
55557060000100
00240070000117
43038116000122
53582862000136
03071691000102
21890888000155
03019489000131
263242700001
31358263000109
06062083000120
72891138000139
12508787000267
23858050000100
24021209000108
59498352000161
59789925000106
74558776000168
15839321000585
05758252000106
17680097000123
00124576000160
23514529000129
42446086000120
21939664000190
05676254000148
04241775000100
45567304000173
06974100000103
08755634000166
28298620000259
66527573000186
04779596000120
55109920000134
14102849000180
04228949000102
35020383000144
19712303000165
33223520000112
17931430000120
22479717000109
71814933000160
04858396000163
25950908000197
21405566000254
20032997000179
09270462000101
24225793000105
18715462000150
13453520000100
64165004000102
21089378000507
44634855000301
00998445000102
11383187000176
09580548000556
26012171000124
23445916000150
02012363000172
25242258000125
48377113000137
03330630000112
07103272000166
11948068000113
64968258000169
02395985000127
07206937000167
02728110000108
46236742000111
09116335000144
12550675000355
65817454000103
11786039000100
19999915000180
01012250000104
69043503000574
17232136000120
12532445000100
48317127000165
10695919000109
53138616000190
21765072000108
55288708000181
27374703000136
12981259000140
39503447000119
05241596000305
96654561000183
09057919000196
07935137000187
68939388000124
45737016000110
03054410000103
52607801000113
28890090000152
04114403000112
49219686002734
57508426001069
34132736000135
22599556000189
05690897000146
14290412000118
04716105000100
03428472000138
46843041000140
03154083000161
02531350000100
03553414000136
05210039000157
13443380000180
18047335000120
22740545000177
23417255000150
18556721000229
07343043000119
00218358000195
17821268000197
65458184000183
02140522000114
21466393000101
12003055000134
59752691000122
08098066000178
44014685000109
47583570000115
30789731000129
247171550001
01970487000106
50555051000158
16825062000172
67196907000149
57508426005218
16595140000190
52822913000197
09275712000198
07832554000102
05947352000253
06312111000110
18519486000134
053573130001
30732084000119
11349564000150
04878620000189
59636761000187
31972096000183
60631454000192
56158777001024
11278214000140
07997417000110
10714091000180
21921069000128
13485870000140
09631695000184
49683246000285
47803630000168
08167317000129
34212652000101
16951248000178
06343056000125
09233951000185
00158829000117
12158269000180
03146890000132
67943415000170
23970012000144
46073698000176
48739882000138
05668183000131
00213196000100
02729415000800
11845301000302
22082397000574
01390589000144
64133689000105
27756318000153
03485266000240
09641897000107
07977392000192
04353152000129
25201203000258
09490507000226
38928142000196
31617905000139
04299783000107
06912613000181
16812722000180
05321529000120
49219686001681
31357527000100
29968144000118
57508426003436
59725333000120
19161431000168
15661530000158
173800130001
19942231000142
11460691000122
12600399000120
10834344000400
09462186000175
65732836000207
24791607000103
09162865001281
46067229000225
01143693000134
49219686003030
12457668001032
33388409000186
61914750000163
04784418000430
01889431000113
10699917000180
03785176000194
12833784000118
02731614000179
18645755000109
08711729000188
09075605000116
07754756000175
04924157000164
03228432000142
03383801000171
15127697000133
596039770014
33182001000153
079540320001
68095793000103
219712510001
19043083000124
596039770015
57508426003274
07284380000182
14322092000130
04784418000864
29080602000188
04919240000145
96681861001204
02729415000398
58958927000119
00208639000167
72809072000195
34969009000127
19247412000159
16739810000102
07762659000205
39676850000140
26318387000112
45043205000192
10510924000191
09385786000187
08908944000173
27859705000387
42438050000103
08842295000155
12425988000110
05241596001379
596039770017
00027476000116
71711360000140
12392340000194
19712249000158
72866262000144
05267680000128
07117364000103
596039770013
15624908000143
04521258001085
05320103000152
09253756000117
15105655000100
25820960000390
26426652000186
12846956001836
03002147000109
81816340000197
09435435000133
23759591000180
06132197000107
20082507000149
15420138000117
13296503000106
28812290000197
55120331000157
97536857000162
06171429000128
57508426002383
72775695000194
61209151000149
12457668000222
11498843000186
07063404000173
48249478000186
27193210000280
16910606000102
43549179000143
44700656000192
44207108000125
03323386000160
05054602000226
08385169000119
49040868000295
00740506000137
11565346000153
96681861002790
15697901000151
04674250000168
05436111000169
04290501000100
45198748000189
21036030000128
57508426002464
10272617000110
046311870001
17466265000182
07472969000104
718136120007
10407043000140
02281738000108
48626212000105
43080555000101
17126578000191
09361696000237
10293593000185
08995116000110
43128884000177
48392476000141
06279369000161
96681861001395
10646918000166
01856884000143
49219686001843
16756742000181
58693987000157
23700506000109
27153411000173
13127093000161
131062880001
113933760001
24045197000143
02711211000168
24021818000159
11268994000148
191614310001
30448801000185
46020959000190
12557631000195
24240284000151
13746302000821
14818539000248
03923819000119
57529133000177
67096438000196
24186178000137
15118778000177
53221446000102
57508426001573
21812204000105
27580370000100
21557436000156
08573306000149
54274949000109
59116764000190
56158777001377
10830007000275
14444946000151
50555051000239
23454726000108
02255524000159
08454529000197
03666706000266
56158777001539
56158777000800
12013846000145
147796870001
40748788000133
14707500000172
07850709000125
15443578000190
41715004000133
32946914000136
116573520001
14447371000120
11016190000151
02875289000118
07987101000147
08805550000270
48517058000133
02729415000126
09537719000130
42250333000119
24963561000154
37075162000107
21812204000440
05139707000105
21405566000505
12834185000119
44387025000165
49450125000102
34316872000185
061464180001
32950844000190
43063782000110
41818662000150
014713370001
35249186000100
15154373000194
59690123000144
09435772000120
67820498000100
56809452000173
02178039000129
00020717000103
02837724000110
01337755000149
20632131000107
09360757000160
253559060001
21979423000175
04540487000156
18339792000199
00017373000175
03708173000157
02881034000168
01259941000107
19307100000193
57503393000173
612227580001
032033830001
05593254000184
21245970000127
64853237000106
11871127000100
45776804000115
62093455000822
54991211000596
452472020001
06108813000267
11979045000176
18754807000266
61222758000169
10969431000386
04383728000109
06146418000198
50960574000180
31510656000188
10374602000162
06350015000166
33982052000160
22353964000156
03257696000124
02888068000184
48487391000147
31812323000103
30862689000124
67220822000159
05404331000534
18829089000169
67220822000400
26495602000150
60486982000103
29425751000131
09335103000187
60780483000469
07803530000206
329088540001
66587387000132
61107579000180
24868941000290
12982812000169
02108951000295
72689409000178
23757582000150
53693347000123
20445080000104
19648023000135
60780483000116
26400383000189
71772511000170
18240631000143
022798950001
44893832000150
44515294000160
07188531000107
08809118000177
20140394000190
17748055000268
49845019000128
03135166000103
06108813000186
12544500000173
08798320000140
72832306000115
12849088000108
13534143000125
24258013000123
35099137000200
72727456000169
35338567000157
21540939000119
38460712000166
25534248000163
07383058000100
14436765000264
40782735000139
19556439000123
15631841000417
31366262000106
33737210000116
07594590000177
33113617000253
37923673000123
12448710000168
32007595000101
45774742000102
07045796000490
36457339000169
08772263000120
14862537000337
08966998000195
59772376000248
11150641000149
25088412000156
08113846000140
03106316000150
13322042000190
08037583000137
50364488000104
55450456001389
52318326000165
55450456000145
03702684000161
10322038000134
35795995000109
32834523000120
19196033000187
33964781000274
37702766000128
03246731000100
40439335000125
04211813000181
41882741000120
32584027000165
42042628000280
56230006000100
43292670000131
17955099000188
05329992000119
29971904000146
43474662000106
13494064000138
65762692000231
17526089000127
06079193000102
06142948000168
44292257000130
16655023000174
07180562000103
55135719000121
01347987000188
73168395000100
51426393000130
10273309000109
09118677000101
56122112000170
17266525000176
57486789000150
17080020000112
05241596000640
48339394000133
09288764000107
36411208000140
37559154000128
10704382000350
08236466000100
32086341000118
12317215000110
11423915000126
02263302000188
29801125000100
46025615000173
00886712000150
029808000002
50949205000196
13687220000187
05366704000104
19300772000339
72188345000121
74667213000108
06123490000108
66139817000153
74271396000148
01528765000161
02642942000107
12508787000186
00535040000138
04915597000155
11029686000160
38143727000109
14862537000256
59980409000164
25384586000166
24394539000130
22455864000807
04965624000102
22444797000159
10685654000150
27864591000100
00859970000147
11719993000172
67498568000155
06136587000147
05119925000170
08877465000218
54287693000174
07248655000122
47077214000120
11941724000156
37310009000702
12254718000193
44583094000497
09162865000714
57508426000330
15839321000909
21409474000161
31038012000139
14015331000100
53706073000160
16366691000181
54983390000196
60174299000122
69349462000115
02162643000167
17858310000144
05451839000160
10657706000184
13930222000155
58694365000143
18204691000100
28231756000160
22596493000107
500116000001
30958868000160
12980938000102
03748199000129
12550675000940
02884399000146
07748735000147
02588995000189
23893069000197
11974072000156
17481266000104
07388346000158
25329226000161
33888251000103
65457046000422
49219686001096
00230675002251
53859096000295
11974079000178
07576210000171
53297792000174
45523917000109
53011631000253
02482049000153
02723447000203
09236359000137
60809084000130
01013701000128
613497000001
23586990000197
19137034000150
15753305000141
12040504000114
11207491000162
03635005000189
19248571000178
14921492000162
47327424000129
45100138000281
07657145000109
16525279000167
17392957000123
00030181000280
596039770004
09162865000129
65573248000197
11286600000184
72677933000129
039120700001
54549175000181
09162865000986
15839321001042
03891014000130
68419969000135
48466965000109
68122829000109
09383802000100
03609987000134
06919797000101
26238818000211
39324895000155
07915314000163
12457668000575
27778387000168
60693983000110
05542751000153
96182068000299
10834344000311
29711733000116
13494922000144
55721633000180
09045751000107
25891094000167
13525195000135
54858188000132
54371802000137
08763069000189
10773692000245
43400471000108
21372522000194
08398937000179
26331269000144
07000316000122
07848413000170
04481707000118
18776015000101
11324840000126
09580548000203
05246751000106
50159649000128
57897464000321
08877465000307
09361696000156
53335170000193
05229339000188
17234420000135
03912070000104
09162865000200
06011149000314
10316872000117
07266542000150
166333940001
25275883000335
52787678000160
18206568000129
200374810002
073025090001
47948351000192
21146894000100
14637483000144
04502445000120
17644427000125
08217642000159
48647564000147
45726114000151
57508426002111
18999529000126
05774721000172
01820169000150
26096213000233
03367706000184
26782116000385
20648705000127
37310009000451
48250278000143
146730100003
09162865000390
19879904000167
38143727000281
10715204000162
15610965000254
43896739000136
05567426000145
96681861000909
03351735000158
10992762000175
045241820001
06234347000185
104988280001
12457668002357
30431888000188
10961842000163
05961761000123
03387970000180
10807914000112
08813397000142
51470730000197
30061612000155
17547231000112
16697764000118
04834843000144
68212968000115
30499351000150
04439578000108
00262338000200
71769707000105
11753502000100
67458034000103
14803815000113
44640274000110
42641404000104
05070184000180
12846956001402
18575876000121
01849537000193
03495997000196
01762758000120
25218911000110
52084209000184
00154073000138
02135672000130
01032447000105
57508426005056
04749603000575
00532711000107
44150738000100
45406873000137
04244693000119
00532711000298
01017025000160
05901592000136
18739177000170
04947835000104
07451627000108
07305082000121
57676025000127
13565587000128
71492540000188
02181863000138
29625034000153
15839321001557
45670632000109
11899211000124
05246636000131
07191917000160
04548147000171
67100024000193
04078828000113
96681861000232
25275883000173
11182388000105
24928572000101
15822187000186
06113827000198
57508426003606
04735455001188
08627702000101
24594334000107
12846956000350
05570599000112
56158777000567
01306145000188
96343272000163
32050483000125
00914129000105
49219686002220
00426117000131
07682590000129
19360286000144
02729415000479
49219686001924
65572323000103
41715004000214
03427005000193
02825553000109
18138478000148
718136120001
65830374000422
12371078000100
20957895000164
64604317000110
52228996000190
96681861000828
45792363000145
15839321000402
13746302000902
01120018000351
10784022000143
05883522000100
12514979000103
04533277000130
74457888000122
12550675000860
07887329000165
09653238000190
00630165000147
04763522000104
108286850001
26660635000109
13916448000100
37832612000150
69349462000204
24576163000266
33598787000194
24341994000178
49270861000189
08320590000141
04531598000104
04202581000103
10475822000182
08645579000151
15574960000132
05788829000114
04490114000118
07225541000167
96681861001638
58136144002446
05566137000121
61220737000104
29243258000109
03503164000120
12645522000120
03246811000165
49219686000103
66819087000131
07809839000114
14192434000145
06123490001333
54085808000148
08764694000145
57508426002707
21168672000180
540538630001
40281485000153
09472801000124
19196916000197
49219686002149
25130723000136
10619055000138
34780616000144
59276790002048
43649827000133
71905558000164
05242122000108
46481265000150
34362455000179
11845301000647
96605134000105
13746302001631
14079395000174
12457668001113
55004576000119
12801477000155
36130934000195
66038696000153
46026921000124
05061968000222
23802067000145
02766894000150
05241596001611
02614952000120
13746302000406
02129416000130
44405918000196
45198009000278
09162865000803
10784022000577
12457668001547
08698757000102
44273316000122
41795824000263
00349740000138
30643500000102
54966809000100
21355991000103
26245773000121
30927613000130
72800550000104
50287978000154
02978094000101
65457046000694
02351409000188
18347253000100
05946831000174
19858706000540
51144863000173
66874850000127
23556428000110
07653206000160
74222456000132
25342122000197
13852178000102
08048744000198
18006654000198
01076156000119
54614698000164
086881930001
20873303000126
03153196000142
06266262000774
40052424000114
07106419000171
57508426002200
26751553000170
03856552000194
12962903000132
37998147000122
57508426002898
12550675000606
06041335000134
24904574000152
10712616000149
10419488000140
03116161000133
214055660002
51380780000183
03450247000106
07324378000190
07770957000166
39741054000143
08980317000143
10447959000395
49446693000130
06265812000145
11690568000106
03396668000198
05628142000111
22166562000223
96681861002600
33550039000301
00174630000263
01622523000132
09324850000110
26223132000176
17689672000159
65908600000106
13874368000120
01605468000172
14724213000170
00030181000794
1055806100
08940141000104
13887804000104
02729415000983
09119271000135
26339374000200
053519460001
16675973000160
25226972000120
01018072000129
50302801000180
21919023000174
15556451000349
13090874000129
088222960001
00234311000115
66036898000166
09485816000127
13746302001208
65773400000185
71610414000180
12014426000183
200802970001
10368709000106
10545047000194
21435577000104
46067229000306
12457668000907
01940874000191
00604169000150
04716183000105
54843941000116
18242999000140
48597785000158
57897464001131
53839882000140
02732529000125
86549722000115
43298984000141
61263950000101
67621631000107
21935185000104
55395404000113
55452528000193
24437271000177
65830374000341
57804940000150
19259561000138
19115748000249
03123210000246
40812462000128
04216369000197
96681861001808
596039770012
046898500001
26694930000186
56793912000112
47550314000121
53311551000132
607804830002
07493871000133
51961688000107
54991211000324
55487201000157
12049488000120
55862551000156
96619283000123
12688788000150
05416668000138
72847338000194
23056014000122
05563433000250
43264084000183
07191023000170
06120061000179
10506744000136
62062989000115
60773009000167
09414446000137
14708268000197
612089550001
02192145000167
23230109000110
08183533000168
16694340000108
55901839000192
43575877000113
134592250001
20157689000170
14702473000145
07045796000229
03485266000160
56387913000167
23990498000182
09372144000143
13264527000175
31089847000118
27067292000136
05123132000124
49663347000103
54048962000140
12743421000191
56148687000161
67546218000117
11698478000153
17100624000183
16959738000110
21245970000208
31684694000157
08466611000131
28928442000111
13316748000140
03878763000128
61293296000170
33162136000157
66167743000169
53164448000107
10558061000475
11242675000163
28875564000197
604300300001
61869608000141
69017010000136
05404331000100
04750289000117
30208311000101
03466625000131
14937773000103
56799828000106
02108951000104
03057018000118
54499173000125
30071045000118
26246183001861
12411497000110
62498126000195
18779093000160
26211329000195
11979045000257
28367162000181
27339587000114
27315745000104
09643217000194
28024984000321
12575959000134
04707562000473
04707562000201
29024317000140
10830007000194
35099137000120
33943334000158
46737599000141
32710631000190
01298888000153
23196194000148
00339963000114
423337830001
64963044000280
07045796000571
28950132000101
38299711000181
37801332000185
29554533000105
40141932000179
42287291000190
27893032000110
13936742000256
38233830000131
62895974000308
38266926000104
41544731000185
17439347000138
43276450000114
49852577000110
24792800000150
16809713000130
09513783000181
02965685000217
30659539000118
10734545000770
03078048000100
67394791000152
25355906000150
36748223000189
09653423000185
34804900000103
43507597000178
13121605000182
12652044000185
22202179000445
10906122000367
10906122000600
37762873000141
44263622000188
22305549000127
09580548000122
03325100000186
09057313000150
148459750001
01031579000708
50233139000153
19300772000258
54520796000132
05681172000191
23835778000116
74527201000188
33283161000199
18307692000180
05544888000147
12316968000100
01764424000195
07750669000140
18606440000152
24542328000289
72744238000132
09372307000198
16615570000126
74250671000228
06990609000131
45996196000154
01812202000109
11562586000102
53148847000184
59603977000570
59469981000163
44583094000306
68384312000180
09661132000139
00613324000103
614121100001
13746302000740
26429661000120
08695708000116
12457668003086
04232895000140
09632421000100
05610972000111
53933826000170
16542071000156
03810394000131
22317123000193
28212677000102
11891552000153
72930100000128
05241596002774
35963439000102
17210826000188
07306589000108
04220501000134
74227075000146
09613656000154
05434239000274
21405566000173
03309935000142
02549668000118
12494569000130
04982059000183
07222395000116
03999628000130
14755335000124
55873020000169
08645579000232
54180286000163
062228310001
02607738000147
05756014000153
32889431000147
26833019000102
123169680001
52430170000100
27687815000147
04493005000154
08846431000266
45305216000101
21089378000264
19941132000146
58074469000155
533986810001
04405029000104
08336928000153
07509309000150
056115350001
232234640001
13727958000120
11171230000130
33458232000147
24356226000198
03243865000177
57508426001654
17633002000110
07558524000141
18889955000107
11087207000161
49049273000209
03283243000172
16818993000143
62093455000156
96221379000139
13719261000450
12457668002780
44583094000144
22307388000100
09059634000194
15839321000313
57508426001140
04946306000439
12411497000209
23995375000134
52513926000184
07249087000184
20469015000100
43403665000159
19276577000159
654335180001
05111102000106
54653621000101
43786035000100
02228117000152
12846956001321
06152024000142
186643880001
02486036000152
04721401000191
26469203000115
07762659000124
72686819000165
12449679000180
24853272000100
06203678000158
06155743000117
05477113000287
23012062000119
27403183000142
18250327000187
62418330000159
13897431000144
07625560000180
15323634000152
25820960000129
10659964000108
18938504000112
08454429000160
11051538000141
09417126000130
21844462000165
01547987000121
01510729000170
08832454000130
33979715000197
37469347000198
04361480000177
39300138000141
10958785000163
58271222000129
01892940000103
02248099000170
71875033000123
34978406000165
59772376000167
09114362000188
01015119000109
47927900000142
03240103000117
20746448000166
07684973000136
024390220001
09547286000102
15664272000163
04569663000182
28826641000119
22399004000399
37310009000885
05942635000121
10483624000160
10304716000136
58028838000173
11087298000135
12508787000500
33943334000409
24986829000173
05552087000123
02456647000158
43164888000100
42734551000129
45902947000126
14888225000130
02108994000190
50945484000110
11515611000199
02856406000104
155564510001
52858420000107
45492436000183
18466502000178
09162865000633
12525123000397
48431373000143
96414941000140
20394066000110
09070266000185
63919385000539
08081904000109
01031579000970
07584755000120
38905162000141
47253745001017
19606525000101
71990444000240
02059090000111
01031579000899
08753098000160
08367399000155
10566706000179
46380821000100
44727907000122
06246448000176
43722719000149
10341045000345
49219686000871
04883714000146
19594419000147
44931657000148
114793110001
22870015000305
11898925000118
19436791000397
52221280000161
26116891000130
58139742000182
05494327000180
72703952000182
12846956000198
00174630000182
07985362000128
05006709000118
39977305000193
48331847000185
67688978000169
04555904000134
13746302000660
15072388000103
18281401000122
19886616000210
17025544000372
00595122000178
05363740000106
69078756000150
08107186000194
17050986000107
73107534000195
38610995000185
10514442000100
13982438000164
327559370001
96681861002448
16982336000137
17129071000191
03738678000164
09153912000259
33807162000195
73666877000190
57677999000125
03137344000135
61937850000105
69155299000150
11680961000100
54850649000120
32336200000106
13779207000158
56349459000150
57508426000500
13464776000104
06170060000139
12741296000180
06328023000106
21812204000873
18457972000175
14369610000171
56158777000648
49049273000462
08389517000126
30579488000114
18863757000174
36047928000179
72076318000167
96364484000127
11349402000112
00165765000181
61812186000178
44350619000100
01091789000104
58662628000132
08909126000195
04946306000862
53740189000115
10707506000199
33439531000134
08830191000120
24576163000347
23831119000101
46006428000142
49219686001339
10573639000110
12331616000124
06123490001503
09538845000100
34063076000188
01696926000126
11891552000315
14256723000160
08983601000173
00855497000120
13781676000101
03567529000180
19238315000108
11728971000179
07160271000153
05947352000415
07587233000181
05241596003150
27051780000155
51117851000150
29191155000134
13805372000137
04487495000186
49219686002904
54594536000101
12564626000100
14911744000172
23858776000142
55146849000160
73011256000178
16385063000143
08800149000167
22166562000142
18580462000190
49836885000152
72783970000200
50870302000199
96681861002286
01374296000173
02137928000148
15318320000161
44136568000100
23211473000133
18715775000109
18666741000333
08603506000105
25007462000242
48708911000102
11510621000131
16101170000100
17025544000615
55354070000130
05957109000135
09162865000471
26172071000165
21405566000335
29701913000117
09162865001109
20156229000127
10341045000183
39194907000336
61092490000198
37096581000117
66630799000108
07339197000137
108269830001
14263327000160
51427540000430
26971843000129
05393013000191
05823442000151
20793716000109
447279070001
19436791000206
85190734000133
21602556000128
20844215000104
40379799000193
55534630000138
09638921000159
03632766000187
00367457000139
71649073000157
242922590001
17180136000123
18332251000309
53205282000120
11493274000771
52865698000101
63937486000109
10593443000278
528162530001
68375849000183
08008433000103
10396006000183
08633079000108
26387430000100
29057977000127
21787970000159
43027224000108
04144827000120
00688553000189
04784418000783
27274435000180
38761565000164
02493890000146
04306974000159
12113472000130
64904873000101
26307116000161
71712566000194
06159873000128
50076892000182
24031876000163
11449904000115
04784418000279
24495735000100
04865993000115
68991322000183
19427234000148
60624426000148
21170787000100
10465134000131
37656615000180
15136952000104
36700711000116
17626086000165
10467471000168
20732558000179
02322043000208
10773692000164
245423280001
07640794000105
13377590000118
03437073000133
73199507000190
08764831000141
09661728000139
60767563000131
00317309000100
11629592000121
02133226000196
25530129000132
46444519000160
14673010000100
05371886000101
11548214000113
23640461000124
02647666000161
62122031000172
54019740000107
596039770002
03621574000175
17754027000172
53009072000166
05061968000141
02625078000127
67228627000175
30178460000175
34215340000151
03791198000167
32795246000193
01657781000154
20776527000110
62093455000660
04127483000140
29599474000183
02101073000600
17942622000131
27648002000148
33333876000109
02868451000332
02862732000116
12457668001890
79644845000170
01864700000197
07149293000384
57767626000145
12514979000529
55364483000103
37186124000113
17354990000169
18454810000183
41979502000193
15834616000216
07836131000152
08359588000186
41333978000152
11493274001077
34127904000102
19280690000108
24262963000121
31120075000130
13182908000105
56809452000254
12457668000494
02691334000184
61307591000139
00030181000875
11258460000130
04946306000943
03840344000105
56158777000729
71259857000179
04095981000159
08101956000191
56158777001296
01130180000199
01684684000150
01507070000101
09490507000307
09230265000150
17102523000222
03712406000195
00907397000108
02646759000171
96681861000747
56308745000177
12363740000171
21747140000289
08077619000106
32826170000116
12488088000111
12160275000171
10262481000167
61013009000121
41540966000107
46001046000126
15363798000103
26217368000361
57508426002626
04827519000107
09609337000175
30682700000174
58438136000168
142633270001
44315133000122
13653193000121
021966230001
10974173000164
458091340001
48523344000101
00022548000132
22455864000300
07315109000167
12399844000136
64989478000179
47766555000102
52823747000143
18666741000171
53415907000188
07975720000111
50358415000100
09812822000141
609649540001
55304471000185
55450456000498
18985806000141
24758218000178
10906155000145
08388311000181
07444660000100
09369805000181
07803834000184
07803834000265
26782116000113
10893732000101
19011330000100
65422339000636
00230548000128
07045796000148
061520240001
08819550000149
55451074000136
09600072000144
18958697000173
60497849000144
31698119000103
00621940000106
03671469000140
09459858000193
17718721000134
57494437000146
28080264000111
10611600000140
15684294000195
04689850000108
24542328000360
96452313000150
01427554000132
48650477000149
47543053000112
07102503000117
15684294000357
11657058000129
44100154000120
10988627000156
06222831000194
00204207000188
69069276000122
10642972000133
57401861000107
02978684000126
72763048000162
04703687000182
04795839000114
08048872000131
30694690000359
17748055000187
29592807000142
46879912000186
24907100000164
21281020000158
26246183002329
21832305000130
24096402000108
60495421000162
35101643000106
03666167000184
03492927000184
09643217000356
08685407000101
50578707000158
32473874000152
09525414000109
22455864001102
22455864000130
08690689000135
14282689000107
15290994000103
09246986000159
05993248000114
49458540000102
35099137000553
33943334000310
46155768000135
04386750000102
11454537000148
41308650000186
52828316000170
34047579000160
36663064000110
30759066000120
05700582000132
10693409000194
56127137000166
54258488000180
43296572000172
33821487000122
17942722000168
11150641000220
11150641000572
13936742000175
05605405000177
22646244000260
26564371000190
38244227000155
08037583000218
52318326000670
55450456000811
21541948000124
38260165000175
08143052000129
03858845000100
42867494000156
10734545000428
37984972000178
40494222000122
07016570000119
67395863000186
05788603000113
25058894000100
13106288000125
19451529000150
46521924000215
59858498000170
26726920000185
24853184000109
22301439000197
10906122000286
17279905000145
15431086000184
10990668000187
08633061000440
10824719000109
65775199000175
17419681000120
689510370001
11145875000106
03387970000341
11670466000110
49091465000194
17662691000191
72028707000117
44583094000578
45412798000117
64813231000105
24418524000165
26831802000137
02687852000396
12457668000303
04598042000127
57508426004831
26842432000133
18957279000161
12846956002301
20381678000179
03382936000112
16616961000165
04592625000140
17179790000117
00228591000159
58783036000179
15839321002014
47265012000101
09623536000138
37310009000370
16720608000120
03398789000179
563087450001
10514504000183
44301050000184
15839321000747
44175594000309
20808923000181
21746348000100
28699450000133
27015523000168
50932490000132
61412110035293
02557454000193
47794557000105
31487025000195
62753355000109
963285390001
06302835000182
09268201000149
41864757000100
12846956001755
05169135000107
27886491000176
09325629000186
09245297000120
73012551000149
71674642000114
06131435000151
61173142000145
02612261000198
09317085000100
09346673000172
72913254000101
09070312000146
54107792000127
08051738000190
13365636000260
49432297000153
11726934000121
10276751000199
08512891000177
11319612000168
04828860000179
30179289000119
35099137000715
11734722000196
04063931000190
01538019000159
57508426003789
60184751002695
12024487000121
19858706000460
36321716000138
03389708000174
11880577000151
22564256000164
04802577000178
31131478000184
58844952000171
07157053000160
20514495000184
00535438000174
18110799000134
04193679000133
01689601000116
18836697000109
51024602000110
06011149000152
51005403000164
00230675002090
08980640000117
18929477000111
12846956000783
11950930000122
03666706000185
03789090000130
26299356000161
15839321000828
10616545000180
08069226000150
67300624000103
09569706000143
45776051000148
04182565000198
13025845000183
03977129000142
11697594000158
64386816000188
38153756000143
07540901000115
34257150000105
10534529000149
68897123000100
24366275000101
55600522000116
09648317000103
42403570000172
23106906000190
02362029000149
07277129000190
12457668002519
04043259000170
47288832000119
59558528000123
25065457000105
21165062000123
57508426005137
56167661000160
05725584000186
49219686002491
29151706000136
30399279000199
10834344000230
03373748000128
53116133000194
35700811000180
20280490000134
33145098000124
27528849000199
07220240000140
66015447000142
72780778000171
02918187000132
20720598000281
03838252000182
00002034000115
10272456000164
58422312000173
00175100000159
27968432000147
17763856000111
38353428000190
46907978000132
04784418000350
18003150000114
04032856000108
04946306000358
04368388000139
67628404000103
37469347000279
43957246000169
11868173000142
23808258000203
47565155000210
56926322000110
05315033000144
17293562000173
26457174000171
11070546000135
11845301000213
02233932000100
25275883000254
02560437000105
68363688000108
21517641000198
05440043000101
54474978000114
09580548000637
49886476000160
08317286000145
37310009000290
43002849000107
69028488000161
23866154000166
12457668001466
49042013000112
27002538000191
08633061000360
40420431000121
48839849000180
31587648000130
09435252000118
45858701000102
06321998000102
10453933000198
48204341000458
06885605000193
03989671000115
00030181000107
15609836000165
19808449000109
08727461000172
21089378000426
59789628000160
22354075000103
11183782000168
68047653000160
61047379000180
15419091000171
72762339000136
02877634000152
08666202000189
53736328000137
44838233000133
03033326000103
07868718000143
11880769000168
12124945000102
10428719000181
31255613000101
01031579000546
09054901000130
13746761000139
65988842000149
10880657000144
04129082000120
48866289000152
137200130001
19034140000109
07954032000175
10834344000907
72961162000105
08978518000106
04537253000150
10935501000113
20330356000109
07683167000143
11777688000137
26852117000197
39397706000174
60859840000136
05503356000161
07503512000110
23207634000115
41334530000153
07589119000190
13182908000296
07811156000100
26270309000195
06123490000280
14040300000109
96365630000139
19037140000162
13881191000190
53648606000102
66885039000141
96252382000110
03862965000181
15511749000170
17952278000161
29309941000193
220822740001
18416153000180
49219686001258
195970220001
49219686001509
07671610000166
07381852005184
12891936000139
61097101000117
23836063000188
12707056000160
10712749000115
08862173000120
19935211000144
80718158000130
74591132000171
10202296000187
05072595000104
26461364000162
35831763000169
18696562000187
531346980001
60481843000189
48721401000400
15664280000100
48348353000103
11460827000102
19363230000143
12846956000600
60666443000148
66916305000318
08663537000224
05758473000176
40019941000191
15448592000186
19111626000101
31590299000105
13006413000125
61235503000130
01031579000627
25012913000159
03076504000183
24241375000101
01086205000102
01657828000180
001172860001
27808844000110
24408132000204
53125100000100
03387494000105
25235226000100
01031579000465
47374228000105
44273654000164
520434780001
04437649000125
65938334000156
03839137000122
18827548000175
07403573000105
18554628000102
29922582000145
53521480000100
16994120000191
06351754000172
30134611000193
080085500001
04637077000128
51423374000150
15057061000162
06960729000196
15218245000167
04901142000180
12525123000206
69043503000221
244466520001
04598492000110
718136120008
04817583000107
69208361000124
10367428000120
48177380000160
03526197000195
54821467000121
20547099000153
54395777000121
00610870000182
06000037000104
10931659000115
03376694000154
23275674000102
14997790000136
13380349000148
05612271000111
09292161000170
26277260000100
03194977000185
14755208000125
05619955000145
46097259000101
11338560000177
10402902000108
28918874000222
03135798000177
38174335000107
16717818000160
10907521000180
26155594000101
49219686001762
22564256000326
10584251000114
17116942000213
14425481000191
05687643000179
12457668001202
10887498000100
75538447000118
14758826000129
06266262000260
23473480000103
06994633000149
34444791000160
718136120002
00130429000101
20746216000108
43247790000117
02291187000155
058475690001
03111078000171
22668556000193
56635972000107
03594907000203
05595193000194
16626707000148
21765072000280
19651628000185
03923839000270
07168635000141
10983283000192
05241596001700
11591417000192
04795377000135
66181850000141
14485778000142
47735295000108
55474506000124
10447959000204
33763049000155
01638502000105
57508426005480
11479311000100
71925515000221
11396245000104
16560463000148
49219686001410
08727461000253
19908968000149
10593443000197
03123210000327
28982115000148
54094982000157
13052611000125
12457668003400
14511831000132
43436195000120
21375203000132
13253160000194
55340327000102
54829395000169
05241596001026
19448853000119
44048536000152
06170590000187
05241596000569
11657352000130
00005391000137
11440068000108
11162934000146
57508426004599
49799786000229
10607850000106
12867000000172
02868451000251
05068781000170
02729415000711
08718796000124
575033930001
67628404000286
166655360001
04431700000191
96681861003177
26429661000201
02729415000550
108444690001
40212527000102
11627156000113
42828903000105
12014426000264
26070875000153
05337367000119
62955018000102
96681861002367
06123490000795
46134599000157
13362094000190
00588899000105
078035300002
11986290000100
15090058000140
183036520001
51093193000294
11362691000190
35723176000156
05086861000158
06019041000106
12550675001084
18802979000187
04442938000112
16889222000147
48204341000296
76867894000183
55992358000130
18332251000139
11495914000197
00531367000301
74521188000664
86666591000156
16812722000342
19811370000137
03246811000670
96681861000666
64124175000274
47887583000188
17214672000283
10651466000100
10556452000108
02830212000121
022070680001
01202013000106
04749603000494
46844288000181
718136120004
08367821000172
19375876000140
15120995000100
19664240000119
01934282000167
04602875000114
23956641000110
43075133000130
20846870000193
50210228000184
03625545000181
96681861002014
42101432000139
045372530002
092439140001
04970861000153
16878757000112
46426263000168
16602848000120
63953715000189
58646449000101
18857030000184
58431164000153
05958450000105
04586504000196
611305630001
02350644000135
134647760001
10695947000118
66773425000141
09566327000108
59193730000107
64753387000130
13737217000120
03704029000142
05624877000177
23141691000220
54326301000139
12006584000191
07985501000113
53401857000180
00028656000112
11130076000158
671128130001
00833487000193
00494870000245
07680667000121
54266317000101
67212308000171
09484010000114
746820060001
60184751001109
62247655000116
64996648000142
495369720002
59874446000198
49536972000194
57509705000156
02731264000140
05508107000169
03701154000107
12375155000191
60232956000140
61208955000123
12243848000120
520708100001
16950622000110
00945605000155
10817622000160
26550070000107
02207068000171
01841794000189
07045796000300
05544180000196
08886824000
13538703000110
12589567000124
69306686000140
52210945000131
57258592000163
44315133000394
53877577000142
51471027000101
04237951000130
04524182000150
10817558000118
74457847000136
18805570000114
44726537000109
05404331000291
16681604000180
26657723000151
32313981000113
50241686000180
73007965000180
03146814000127
71778781000198
59375006000196
10392466000133
74253493000108
12643129000105
31823476000156
31823476000237
17293610000123
05234686000107
18581979000102
22455864000645
04078736000133
16712522000156
04128155000169
14706514000171
96613740000172
04968834000146
53472882000154
62772025000160
10498828000175
36612676000183
13860013000182
08014610000156
35706232000144
40998490000181
33113617000172
04824770000100
32668529000174
15684294000519
33650264000140
07045796000652
07045796000814
10790008000152
06158244000183
31812862000142
44777282000103
36457545000179
11150641000300
41308150000144
62550405000150
24542328000106
12612813000111
29006440000138
00494870000326
02963548000162
05632822000109
52318326000327
17072206000120
37284307000171
12939273000185
68951037000139
46521924000134
48206015000137
51409548000120
37746466000140
04471296000180
23230109000200
39650590000133
10734545001076
10734545000185
13140477000114
40299962000108
08886824000112
07088780000112
08226287000184
35842626000120
43117809000100
04494293000161
47865349000150
26483077000153
09566691000160
11715467000134
08332359000178
45566844000132
45787771000109
10144034000103
26499003000105
06321821000106
16600429000150
14140212000189
44422798000135
26105280000196
12945406000126
02983653000163
15136952000295
01555412000150
11986290000372
04703383000115
65913642000127
07347887000138
53784492000110
23808258000114
04543652000123
10407043000220
69183929000108
30750329000130
28347615000108
17183982000105
57819708000196
27452015000147
41833972000144
64847601000117
00025787000146
50440387000175
64174493000169
47530597000140
02025871000195
09422993000164
57907735000110
17659025000102
24566206000141
23322735000137
26661471000134
10442116000134
28927087000328
13740824000140
14546125000126
02330122000171
122950940001
49442619000145
10514457000178
08721930000146
113685380001
15839321001395
133220420001
08430643000187
17116942000132
08319620000108
55254304000177
04755530000109
04946306000510
37310009000613
07095061000129
10661323000180
05474691000189
66103144000181
08617745000106
12846956001240
131837800001
10497520000105
03082696000130
15487426000199
18044496000160
30841701000114
22740545000258
28513980000145
33641380000100
14779687000110
06031296000194
23508800000113
15839321001123
19299354000107
07556217000121
32222528000100
18408950000115
15839321001476
96681861000313
10834344000583
15314450000126
07149293000546
23808258000386
26065174000126
01563284000197
44762714000102
08633061000289
07134833000194
14024402000130
00328940000104
18437263000128
74556416000127
19300772000410
221839460001
10274951001001
07704899000172
04904176000129
08630171000106
43288976000114
66567959000111
58021841000165
04772183000114
13199173000122
20273725000160
34168282000152
52981024000172
55872790000197
09238758000137
33875087000108
12846956000864
59849182000384
05947352000172
33531663000191
01934310000146
61318572000108
21581058000146
49219686000952
65830374000694
04521258001670
09162865000552
12846956002212
62093455000407
74625336000186
02868451000170
15839321001719
07429666000109
53837613000144
04936590000110
05045082000104
06916750000194
09201988000121
67044982000194
21062631000105
49049273000110
15596266000116
40856293000128
17222004000117
72994643000109
26678684000179
03123210000408
11524002000104
02093105000249
00867722000148
21526760000107
10309726000164
20184554000284
17507347000128
18883695000162
43920943000145
67670836000174
09170738000333
26165604000181
43335617000170
18391966000162
13938314000181
43311117000107
12457668002276
16685392000100
26034806000194
02166240000196
13413680000117
28298620000178
09612228000107
72913254000454
10239413000187
27522191000108
10626728000187
57935140000179
54546411000106
10806850000135
05255983000120
18715775000290
03764984000175
47523139000183
04723355000160
10399982000190
51427540000278
15797599000103
08272459000156
00230675001956
04515678000168
12457668002438
67417519000221
45221215000170
22870015000143
596039770005
04679936000141
61911756000187
04946306000781
02023989000184
03011354000120
23476501000144
11173393000151
09603918000108
15419077000178
74586058000103
43133917000177
49228695000152
04903131000130
50093442000106
10712338000120
05148157000182
69348779000137
28508222000139
01684684000231
16524578000187
05241596001298
20317226000128
03029587000230
09320659000108
03379283000112
52340825000159
057467940002
71695746000296
32889431000
57073066000129
12209768000159
66158742000239
10447959000123
55283212000115
45639309000407
079800450002
15839321001808
37787425000100
09371203000240
02613492000116
48647978000176
25891094000248
86994688000198
18353416000159
08517806000163
26526097000164
56189160000185
28311317000168
62317193000166
02841888000110
03245530000198
11033029000196
25323186000140
12525123000125
14598109000187
37621119000191
10353808000106
077919950001
13546469000172
67443325000110
02033487000134
12626183000134
20986185000243
14144857000190
56637671000112
21094938000198
12409360000120
20145919000180
47626353000165
45727385000121
05690832000109
01040073000170
12380252000172
10386883000173
023959500001
596039770007
10361311000130
962329390001
12457668001970
06136587000228
09539803000193
08685333000103
02994753000195
48894158000189
10243662000146
06011056000128
01583918000173
148625370002
08087935000169
11790435000101
31996217000127
15667232000175
16570840000120
07721183000183
58136144002870
14255895000110
00305395000211
04966683000197
57508426000259
13746302000589
24927060000112
50309673000104
72683287000102
11150107000132
02256109000110
53105185000165
16605565000132
22082397000493
13263160000175
31958315000170
24131319000114
52605433000174
17679375000122
11008673000104
52731999000142
01340477000189
20892174000113
10704382000279
73163362000177
44600784000164
23419057000125
54588744000106
19858706000702
09378261000114
18166275000165
56158777002004
66928169000114
40916930000104
10298645000106
56158777002187
01392279000169
49749815000167
23241113000184
10734545000851
64528425000150
44175594000147
33156410000185
24576163000185
00664637000182
50994706000194
00847861000100
04401125000184
68194471000111
06011149000233
01315380000116
15330879000107
64822703000188
08720895000140
09254774000113
05140715000163
17680116000111
04925206000183
52245057000154
14667394000140
07647286000140
11623158000134
04623174000161
50555234000173
10193236000145
05109328000164
12871453000172
12870379000170
13707842000120
07633141000190
263183870001
02868451000413
74227075000227
52410230000122
12457668003248
08705488000164
02935696000173
07165752000151
15303440000195
12565478000148
10784022000496
68993914000134
00204120000100
10993557000124
23980804000108
56158777001709
13345594000114
19881394000162
06266262000855
58768557000157
14990259000131
12846956000430
19472221000190
48688873000165
01855316000128
67470880000130
11849702000160
12006406000160
07880668000110
14756637000117
38174764000176
02560008000138
20191416000141
02904764000137
14551156000175
22379586000260
15440891000174
18886372000122
04735455002150
59863746000171
55118954000195
11906456000131
01293336000152
05825186000131
12457668000141
01011709000155
17982904000162
64313166000140
10834344000664
23368933000131
02328901000132
20330356000281
03492293000160
09649407000208
11609158000180
02812447000190
97535124000103
10820577000101
12093158000132
18356100000110
12254718000274
58136144001393
07149293000201
12846956001089
18883640000152
07059933000101
17976327000287
09272627000176
05241596002936
69093318000160
07149293000465
22120960000128
44209021000197
00953143000118
05501280000135
10361993000180
25773714000163
06123490000876
10641811000125
22214719000168
44634855000140
04181597000179
01143034000106
64755267000171
26414580000157
11327148000151
49779127000140
09269904000191
56046782000154
08822296000138
12550675000274
79493839000169
03556233000163
45763570000171
01040110000140
45425899000637
57971673000106
05679233000186
02573062000118
00002903000101
00110499000190
64059264000101
71557680000197
12434660000160
033251000001
96681861001719
21497833000180
456393090005
55376271000138
19909093000108
18406433000107
075244760001
39768325000154
54493523000146
19741585000129
07714326000120
04674250000249
23073144000173
03918043000149
14489311000170
14234907000200
15112300000130
56812290000122
02093105000320
02885219000140
43738764000191
26094095000143
00381524000170
17742917000164
03654916000153
71925531000214
596039770018
57508426004246
07633141000271
18756997000170
25307275000101
15361545000109
58136144001040
57508426002030
06333887000469
10308576000174
17423056000151
076914030001
10880633000195
29320788000103
56158777001962
596039770019
07711847000123
49040868000104
173041620001
17526089000208
08043551000144
15198162000153
17742917000245
07524476000170
05318021000173
00907397000280
15310165000137
64168487000107
53649455000107
04537595000170
209861850002
24198735000130
60742889000104
11649562000187
11225599000188
10809562000134
11262324000114
02093105000168
66755653000199
13746302001046
57986820000111
22082397000302
05415330000161
19572584000106
04964739000174
13807776000160
10723537000133
04749603000222
56158777000990
57508426004327
08694080000134
57897464000917
23585408000178
03241488000137
06787293000185
084666110001
08044236000131
09426762000129
19543164000193
34428230000178
080442360001
29285269000143
013404770001
032260330001
42007938000183
11959614000111
02270749000184
04038029000113
07024309000160
55371363000125
05056773000103
64963044000108
04960622000112
604978490001
07226636000103
47963806000149
13060277000151
14599029000146
17058709000140
10558061000122
08805550000190
72887896000183
49159932000170
05849920000100
21178663000170
22967585000156
11445713000185
08756077000106
56785256000106
495369720001
22272742000109
46685947000184
16632881000101
264003830001
01423428000100
156318410002
12665181000154
23141691000300
086635370001
03257696000710
27127111000110
30694690000278
06787654000193
45809134000196
07272931000198
01617371000180
01979625000100
10256844000151
15631841000255
12312801000171
04687958000153
28424861000116
15264438000154
06086578000199
53889242000144
32493539000116
62409263000106
33725496000110
51756427000155
69135796000196
11018431000100
26217368000108
12674394000142
10642972000214
03446277000130
53651253000191
09153912000178
65759649000136
15414704000188
24473313000125
49145634000121
19668969000163
29210870000177
23848891000136
186138970001
26246183000890
24775856000105
13806731000170
22918674000102
34269531000104
08685060000105
26102490000120
55119762000101
17401025000108
47253745000630
14186988000130
30411695000165
22455864001021
04707562000392
10783059000157
22076777000172
07428510000103
05960491000136
13174717000100
38153246000176
17299374000152
13032018000117
03921201000110
339433340002
35099137000634
29588041000122
18958697000254
07680452000100
01455256000156
07353610000118
13860187000145
33943334000239
05472272000108
13060277000232
74457243000190
37836458000195
01638609000153
15684294000438
08313092000171
30821146000169
04107941000180
41511952000157
37739926000103
30881066000107
04286045000125
17839625000144
01919617000178
03203383000193
58750860000122
13936742000337
37721519000179
08958855000131
53470969000192
38388320000133
41491561000118
03597241000158
55450456001206
15431336000186
42940130000154
12744385000180
04287542000148
62062989000204
27351723000191
40343177000105
47041579000102
19670842000189
10734545000509
10734545000266
10734545000932
40467421000141
09577887000150
37717335000135
28269813000109
08040573000150
01849639000109
07692820000130
31656576000135
10906122000448
10906122000529
20482871000104
04822740000164
20596893000197
64124175000193
04068926000170
20789964000178
07154884000188
65457046000260
26174467000141
05761826000197
14741825000171
35426375000100
07158800000184
31159157000198
02834047000186
37310009000966
45100138001172
14630520000192
05341697000188
00001108000107
14635923000124
30924730000140
00117286000190
28977503000130
17754822000160
10977474000141
69043503000302
12457668002861
43741123000196
09580548000475
18680929000174
04137058000132
04268078000142
12846956001160
12514979001177
07782078000154
08708881000101
10775523000163
17771329000159
14239300000132
22189386000164
10834344001202
53859096000376
09420087000120
16101687000191
18844723000132
96445515000174
31981560000106
269518070001
11845301000132
06982655000199
18003862000133
21758027000118
07890905000204
60503315000183
36739887000181
07795097000115
11215959000160
00425786000199
31735015000121
22583271000150
201403940002
07057795000113
11190045000192
21215068000168
23974779000141
23646137000113
55299135000191
47970801000143
06959622000128
64592686000130
12911146000178
55239131000118
461557680001
12295094000152
132645270001
20607433000117
139824380001
18231765000106
66872888000241
66952599000171
23130666000160
05103677000179
31924520000114
61109336000181
01743040000196
25164068000137
22937417000118
42903517000130
59284257000165
01386120000131
02945597000172
64140791000138
07098646000100
39332366000101
41015078000167
00555901000140
47114605000177
08633061000793
04005874000192
05009228000166
29029946000162
17188584000173
26436497000189
02100833000150
72705346000104
01928328000135
14432718000161
05208746000109
08597410000173
12457668002004
06333887000205
04625090000167
04521258001328
04433837000185
30476551000197
15839321000151
21466031000102
57897464000160
37557111000103
03476160000108
16850747000179
02923540000172
43136522000128
02248439000163
45227253000130
12441384000167
12340392000117
11908971000150
18645755000290
20060915000108
44787083000186
05983790000196
00548696000195
08889367000110
28390791000122
74593625000140
19858706000389
14221537000196
48386569000163
13746302000317
61459772000180
30307287000168
30284698000185
07589947000129
07139095000178
03207600000113
11493274000852
19158569000108
02981550000164
03570923000177
61854048000151
12559300000194
18865270000120
72834815000187
01031579000384
20656931000150
07274591000134
06305558000161
27593478000129
47253984000186
37801332000266
11509212000115
52178167000140
13968886000375
09297959000105
57897464000836
08690668000110
30890774000287
09575961000107
38442147000104
10820908000103
07434377000106
12714337000140
53155222000140
45454472000152
029808000001
27708609000176
49049273000543
05633109000180
08996769000113
06245448000151
05102789000105
46592333000158
718136120006
47364526000114
20265410000171
47479084000151
66916305000237
25197320000104
65078271000296
63919385000105
44844165000115
43776587000138
36099301000161
04687666000110
56584790000154
57785040000103
11408404000135
17025544000534
03246811000246
45651775000165
18556721000148
611471120001
00725889000174
00453946000103
23094424000168
10827185000166
21409474000323
48390330000167
52833514000121
12457668000818
14931934000151
14673010000283
12457668002195
61366548000144
61350401000166
18652658000143
96174834000192
20060904000110
50260967000180
02462020000100
17864506000141
08263120000193
15096665000118
71605273000108
15465350000109
07117110000268
05241596000135
00013246000106
08465061000136
65457046000180
37996383000100
11845301000485
13240216000176
03717137000150
21066147000154
03566127000160
52226115000100
61589826000122
16875357000153
13746302000155
19315815000198
39155041000192
25999655000146
45163276000129
74274648000192
40013587000198
222021790001
69301000000128
65578031000170
09162865001010
26101593000176
64082290000142
49219686002572
08096997000137
67020610000128
12846956000279
166816040001
57221400000144
04557687000111
07317552000177
14461955000150
30483811000151
61599858000109
017536330001
04537253000230
22722992000101
17266069000164
600311270001
06333887000388
57897464000593
19259561000219
048871600001
07619714000121
38311839000113
23699882000120
10674185000173
09170738000171
51424190000105
96443999000112
59731109000141
47189717000197
088464310002
03362136000130
00820557000179
03157637000184
50857127000108
15556451000187
17799870000175
10391287000181
57882193000179
26937287000174
00115960000105
11413285000109
68440296000103
68350016000168
11086467000112
03238939000187
43142736000107
00941024000145
10834344001121
05262442000120
11279132000110
28333778000131
16914915000142
28903792000123
45232246000399
16657703000127
11493274001158
04116437000146
07420744000104
09535373000131
72913254000292
42234267000193
09525820000171
25950908000430
718136120005
10402946000138
16982302000142
10633173000109
09377919000173
17025544000100
47443635000127
19693001000197
04905177000279
05206884000159
33553565000155
01457322000127
12522174000101
55182414000170
11247859000116
96681861001123
60961695000108
21089378000183
11537935000128
03380313000100
46378907000190
19436791000125
22216390000174
51026151000150
14173290000180
03246811000327
22245523000130
12925073000173
68115781000101
96457023000107
30958868000240
07269744000236
05676254000229
24456893000142
04732281000128
28383080000120
10992762000256
10927468000180
08387999000185
04784418000600
08955467000105
08595800000104
59921098000162
00030181000956
00367426000188
10359250000176
07608861000104
18645755000370
06915195000186
47980461000131
37131593000135
28863133000100
26828351000189
03048765000190
13721510000108
09137827000116
06375712000171
14241403000137
09266535000183
04722309000146
03987946000181
16737537000179
53126207000173
04788008000115
63919385000377
12457668000737
02108961000220
02353055000100
42953463000118
23647000000183
00405600000130
18366348000162
68853928000152
11868735000158
05257188000171
29312353000109
05693408000100
41051329000169
02093105000400
71924492000150
11944677000102
10834344000745
123314950001
72913254000373
24754755000140
21747140000106
12504253000181
08987724000182
55534630000308
02332181000189
01711296000111
58620188000150
19397688000113
01913782000112
17206687000119
12846956002484
02628660000147
33981726000101
65465288000115
07570721000186
43308870000135
21405566000416
17025544000291
72716772000135
437411230002
07328291000190
65830374000180
044050290001
041406730001
38135967000153
69000206000118
23458447000104
05154441000161
09302973000150
53257291000164
05229953000140
36474361000117
02641919000190
53018248000146
03105287000102
20300517000103
68087972000107
21310222000180
07022630000106
07186641000121
15494942000140
13348568000140
17891356000165
20708652000192
96681861001476
05876913000190
65870875000190
17464069000179
37180880000135
96681861002103
51472934000167
09539393000261
56158777001610
12522590000100
45639309000245
27733952000170
09571632000260
10257628000120
29114658000106
00484543000121
45615309000205
58183948000100
48231559000159
41646138000140
08430511000155
38323129000103
00352844000100
41626004000167
31078935000114
04196914000201
30778590000149
209834670001
16443085000112
11904340000163
06108134000107
74476003000132
20941545000100
03452478000140
22488013000194
74526450000159
11373147000143
03821612000133
07542034000157
13469496000199
56158777002268
04749603000303
079853620001
03980015000151
05113122000108
61221313000164
23808258000467
01028710000192
22415721000103
34546181000178
07443747000163
596039770021
09016240000159
51222966000104
05565500000194
34126732000144
03112469000100
10558061000394
48769954000190
17206709000140
68047653000240
73118010000108
17621458000160
03322733000130
06123490000442
15148319000217
07439969000102
49484991000114
65561441000108
11933572000140
50552942000150
10267695000126
17024971000174
06074822000101
20729381000151
08187562000106
07195165000105
58597774000121
06333887000116
10880633000357
52045838000103
01127345000173
18287506000199
49219686002653
26244716000128
97522979000280
96681861002952
44214385000165
175078120002
49219686002300
57508426005307
18499205000129
52314002000159
07629982000124
06123490000957
11242440000171
13510204000114
11856485000136
47423306000203
11518267000191
22901449000163
56725757000105
12457668001628
96681861002871
05736348000165
61513859000199
212810200001
46049599000159
02093105000591
25337210000109
14717887000148
11168823000147
96681861001980
55575518000145
09438519000120
43250943000185
61336582000176
05436111000240
22654051000170
07010728000143
16941735000150
05061853000157
15076929000171
54089859000148
210661470001
56158777000133
26212364000129
74405473000105
00598608000160
09076896000167
08970654000150
04259323000155
12112384000113
01364822000114
17969253000170
12498377000100
28918874000141
07236663000159
61755641000140
45033024000185
07870013000160
08777031000165
25820960000552
47843321000111
02729415000630
08205657000105
16555863000165
61279998000108
06940979000164
20750439000220
55816409000172
12556026000108
25891094000329
72814874000193
21507247000179
46743829000185
116984780001
61459772000261
06123490000604
06323433000164
56158777000303
02607738000228