11748368000159
10906122000103
04990616000108
02111827000106
00631735000113
53968327000118
44908572000149
02813891000120
50048123000170
14952647000128
62721451000175
54735402000163
01837971000153
03803912000190
19537572000132
50098201000141
06122376000155
26238818000130
68330968000110
72733306000168
665790120001
69136448000133
10732502000160
44456036000230
429401300001
03004164000185
58852971000140
544991730001
27774855000126
27581995000188
13516800000101
03059830000182
19061743000108
60414703000198
44174910000166
05498470000140
26957336000130
26633765000152
67559450000190
58719998000169
10523519000108
10363632000173
